% -------------------------------------------------------------------
%  Generated by MATLAB on 18-Jan-2022 22:59:34
%  MATLAB version: 9.11.0.1809720 (R2021b) Update 1
% -------------------------------------------------------------------
                                        

MechMarks = [36 76 73 72 28 91];

allMarks = ...
  [2.4000000000000004 4.4 3.6 3.6;
   5.2 5.7 6.8000000000000007 7.6000000000000005;
   6.6000000000000005 5.3000000000000007 6.9 7.3000000000000007;
   8.5 4 8.6 7.2;
   1.5 4.7 2.5 2.8000000000000003;
   7.9 7.2 8.2000000000000011 9.1];

ans = [53.5 52.166666666666664 61 62.666666666666664];

d = ...
  [0.1 0 0 0;
   0 0.1 0 0;
   0 0 0.1 0;
   0 0 0 0.2];

